8813
57147
55732
2268
3075
2519
2729
4800
90529
57185
81887
22875
54467
1595
889
5893
572
51056
4267
9957
26
51384
8379
3927
29916
55365
4074
90293
3382
57679
843
8837
7035
55471
10181
381
23098
26073
23129
204
952
2288
23028
10180
84254
5965
55610
115703
4706
5166
85413
51364
10165
7982
996
6521
3052
1856
5976
8935
292
55013
5439
56919
3980
79657
6296
81691
57019
56928
80256
5577
10943
1387
9256
4353
6936
84058
54677
5244
55904
57414
30812
25998
7748
23077
26224
3683
5164
3675
7543
3920
3674
51573
55049
114881
9020
163
10127
64847
51330
4293
5898
80853
55750
221
55001
57157
9855
79017
10926
6915
3475
1352
54623
27072
60528
85477
414
8228
79602
10942
57787
8842
115098
90273
5048
9703
8522
79090
4145
974
54879
8277
113000
55692
9254
8938
115939
9091
57585
55735
29116
1870
5689
3720
6792
728642
65220
9940
9265
53616
6856
1534
9043
1951
10157
51188
84954
4257
1407
8993
4784
6482
64386
9235
5310
9862
23221
54497
7095
6224
7812
9690
5980
10178
199870
80342
29954
51534
9031
10048
51513
83932
51603
8798
7756
7384
83930
928
9918
25900
2696
51533
11188
23166
80199
3423
7752
920
10233
695
3077
22955
2534
3097
6924
11313
1185
9902
654364
10867
55727
9546
54903
51099
3730
26993
54799
51096
54476
54902
5725
23395
5286
5329
54443
58525
23637
54814
5536
23177
8491
27033
7305
57146
672
2067
933
7869
51360
4007
4057
2137
60481
240
8284
57658
55148
11183
30845
5704
23324
51629
9961
51667
5238
112611
1195
55703
23357
9604
1774
1663
50865
923
10460
23376
23649
23144
823
55
4190
10463
10903
1355
440193
10138
10771
7454
637
9782
64132
84220
23386
55349
55830
27032
3479
92745
10928
22902
6556
8540
63932
55622
147948
8685
56981
972
3082
54764
23154
25960
55734
4331
23034
864
4361
58473
1992
6683
9369
114879
9716
2273
51507
55655
57210
9921
55778
64429
57476
6050
4719
9821
23071
211
330
11215
51022
6617
51071
11171
1244
50619
51177
2730
23304
55635
25901
58528
3298
51230
10062
1890
29781
10953
11231
23633
7431
100533107
355
8635
960
3755
56895
57823
11119
4285
5583
3459
11285
9047
7444
7133
55591
5452
65980
6642
9519
56938
9774
55334
286
51106
9135
3149
23279
578
22807
2896
51306
57514
55166
6301
8498
5926
7260
10908
8100
56052
55596
10061
54480
57554
2530
55236
9846
535
8554
9497
321
5606
9168
28990
25897
8504
11345
26751
84908
7414
55789
23604
8439
159
26228
7077
5981
55773
8452
9172
26009
27175
51121
2324
54888
54455
4238
84245
4234
175
55300
259282
27430
23644
7204
1462
23274
4481
999
23517
9765
79567
11284
23035
54908
27067
54896
1497
79142
3631
5874
5685
23026
55341
10039
90326
140876
55775
84883
55812
9440
54884
822
1175
7038
10863
54165
23338
3937
54802
9820
1495
5256
54875
3309
54960
8481
22884
64848
56474
51606
5431
56204
116984
7175
23247
84062
7504
57101
57102
6322
55841
395
4134
57120
57646
9734
26262
51491
57545
50484
168850
608
92017
55173
51773
55187
10659
23196
23518
1298
4254
1161
11174
9563
9341
8863
10911
3604
4052
5954
5982
57492
81037
23327
89801
3074
79810
340533
51528
7984
9603
63933
51474
25875
9498
5733
79931
5601
84067
9709
9454
5888
10721
5291
1535
84321
23593
10198
54477
80143
23223
57600
6307
55761
23105
1112
8574
51154
55850
23101
55745
29945
3784
27095
9967
29085
4065
51742
23596
10806
5798
55733
23095
25771
23224
10079
23201
84957
2581
51602
26099
3757
8454
10827
26999
23118
116254
5610
57602
58508
23369
84545
3700
54969
51663
55609
7185
54542
10758
131566
6646
5318
4438
2665
639
9474
57458
57095
57504
8975
23200
5218
29927
4659
9696
55718
493
9877
55781
54432
55706
1608
84256
64718
6916
64761
5832
6894
5188
4084
5128
548645
6515
5662
9150
8531
55359
65125
55749
11054
2769
55650
10076
9410
79832
51660
30
586
51564
10787
60488
2983
6433
10188
23041
65056
84649
7771
1431
4058
64951
63916
23063
81671
10513
5424
1975
28968
29998
56848
6141
79763
11338
29924
55588
57491
10838
8776
57143
3029
6047
841
55726
51768
10077
10402
9914
50937
6873
28996
23534
8625
54929
9170
5476
10147
6558
28966
1265
10347
11218
53339
55711
8537
1117
22904
5378
10362
10203
6882
23294
8943
7629
4913
54887
2773
3843
4942
10885
5586
57418
9697
55388
1606
91526
3735
23536
10954
55633
4710
23013
4638
55854
6416
55248
9748
51167
1308
119391
55176
5588
51665
83641
4199
23216
8621
10797
84679
55810
4904
5141
5525
1994
57609
6602
9682
4802
259266
8832
64834
6688
30834
27107
4287
9950
2263
55631
51015
60487
55623
91283
26153
55102
10565
57623
9650
10734
2235
4649
8653
5214
3422
6672
1316
8611
4756
23471
5255
7132
782
7813
9399
5315
54505
30836
79091
7158
51018
387
1659
5382
5590
7544
55699
89795
3421
79641
57595
6093
865
5165
8692
9759
11186
3430
63897
80347
4205
55593
7030
4943
2182
3632
27238
56850
24140
55771
65055
23250
25885
9741
57217
51447
55133
3796
10235
23198
57560
22933
27248
5526
5837
375449
54549
55746
64710
55737
10294
602
8514
29121
139341
4129
6095
7049
483
4734
9488
5597
10681
5873
27440
7353
4040
57661
8518
4925
5217
6710
27071
23446
54916
23293
10640
8218
10272
9993
55658
4335
79364
23210
5423
55808
55062
57704
3340
440
10947
10610
26986
10420
29105
1459
8891
6949
998
26031
56852
490
8440
9448
11320
6160
9948
23161
79658
6196
54556
22846
114049
6400
9319
537
6929
28951
26528
53615
6596
9130
60343
29894
140469
79901
5134
51109
5566
22859
87
23503
22905
26469
55679
10290
224
7037
6720
27125
7321
64398
9886
8243
3028
2011
3161
55743
29953
8974
2213
4775
51095
37
6793
23291
9744
2121
51009
54847
54820
10335
79041
8907
5817
7515
949
4171
56666
83642
80216
3993
5151
1183
54475
6389
6605
55876
5927
5523
10170
5743
10644
9175
6480
30009
10129
8301
4905
23332
65993
1207
8726
54825
7251
55421
489
771
11343
59277
617
9891
54878
9187
55205
8578
3998
51495
26034
23140
2023
56005
57719
51175
55160
7294
64431
54962
6717
8672
79023
10371
51512
10512
55020
38
23151
9620
27332
55972
29090
119
9462
9605
7587
4140
5250
64778
2355
285527
23505
6624
60
5337
284403
1739
7879
55973
25956
9733
55843
23016
22920
23609
4175
25996
10179
5939
11176
25930
4292
7374
2329
27252
113235
5362
10615
88455
7163
32
9618
55824
55094
3385
22978
55796
5909
56949
9138
6813
5609
8527
7155
56889
4791
29089
4660
54431
2975
3566
23032
6626
56915
1781
54518
4034
143684
51548
10714
832
7107
79960
203427
7319
2260
8516
8530
4133
9063
273
369
56922
27074
2191
10529
55331
3093
5289
55728
57103
7289
8871
5527
5379
2782
8028
55063
27334
9452
4898
7419
5108
57690
9139
83737
58476
51150
54472
51619
9984
114880
6507
7520
56925
11262
8569
7145
57455
56681
8556
634
29843
51207
23152
3991
2222
5050
4983
3835
55604
5236
1653
1785
2037
26002
8417
11158
9817
55510
51006
131544
5991
55183
23011
8671
6595
27244
11043
50509
10847
9933
4850
5663
1371
56650
3320
5933
22839
22997
114819
10403
23431
54665
260425
1286
6932
28962
50939
57092
55218
384
4208
5788
79876
9262
8555
22869
440515
65094
11266
65985
9812
51668
23239
3595
6604
55100
2533
55437
9689
114899
4200
55322
905
57579
1310
23136
22837
1741
7188
29093
25929
4779
2932
3693
23085
7514
11342
79728
23033
57226
594
7994
79670
9706
3842
5351
5026
3682
22894
10464
81550
26747
23047
5019
10325
1540
10998
25799
79891
55659
54807
55663
9422
6193
2195
91746
25978
64744
10450
10269
56910
84273
5978
3034
54434
2950
334
57613
51729
8668
200081
8648
60509
3797
10890
2646
3030
22924
790
966
3732
63035
546
102157402
2219
55892
9522
5550
57531
81929
22911
57590
5016
29957
4216
29992
5243
7760
231
8895
54700
2017
7481
4528
23259
22996
2060
4998
4258
10523
55054
55230
55624
8438
23139
3301
2683
51510
4799
27292
51194
27102
51314
54749
29887
22929
10573
3049
80271
4680
55696
10959
56605
54469
55787
5475
7462
10075
9183
79796
8310
8898
23645
7205
43
2512
51593
581
51701
94005
9509
56970
9489
5705
51720
1071
54947
2775
55239
6452
8602
118
79944
57544
51637
64395
10992
57542
2778
10059
51290
6790
57091
28971
5990
339175
29929
4849
51206
5775
8886
8570
2767
55616
55741
1789
22974
80307
81572
23348
55608
23483
1795
51161
57017
55287
64147
54675
23368
8455
54498
6614
2280
55968
25943
79175
57506
22803
55857
8655
54997
27131
6128
55423
8550
5027
51575
10741
51433
9962
80024
29058
55184
84678
55617
4938
10985
6175
5829
22895
55614
51605
5037
8315
10961
2521
3476
53827
55900
57655
9843
29965
113540
23193
51291
55285
332
8079
57062
7597
25977
393
55760
23186
55668
8425
645
6548
10558
10914
8812
57060
5996
83719
51650
4708
10726
10296
3383
29888
11213
4069
79594
7023
10081
51324
51726
2323
9727
84572
10795
2802
8761
79603
57192
84196
1947
55066
16
2734
24137
27327
64857
57605
55763
54439
114882
113878
58484
54517
4897
1738
23335
9352
3568
368
54918
3655
11069
51776
2271
23231
55573
54890
22861
9552
23594
51530
2099
84336
4345
5720
55012
54930
1053
55644
51310
55072
23256
55632
25831
3183
57096
11198
9878
8487
7051
26277
57556
54822
79968
825
8773
26227
1299
7430
4637
26523
63967
117584
201294
79157
1808
55105
10762
8318
1312
51816
55350
55862
9209
9117
9942
10013
990
139596
8697
8086
23468
51430
4436
4214
1725
29911
372
54566
55151
5711
5742
23511
1384
10044
54187
55357
25861
55280
9044
64376
29760
10580
25805
51322
1390
10101
284422
3096
10321
2289
6732
27154
55168
28978
114327
3326
988
3710
7738
1832
23411
3189
80173
3717
3594
25
11332
51100
8317
84144
5125
6319
11018
3983
79956
22931
8829
158160
56952
23555
55506
387680
23031
7593
79629
4650
9424
57828
5714
54620
80270
9739
9274
1153
513
5616
4670
51257
4713
9524
26517
997
4507
5434
5442
113177
8045
4616
2872
421
27037
5902
29801
84861
51586
9342
1399
8216
4320
6598
91319
23786
100037417
1652
5008
23523
83874
10291
200312
23541
23384
23759
51733
29799
6634
23481
5594
2678
9647
339665
8940
27128
8220
1416
4242
91355
6576
157
3957
26088
7290
23616
3956
89781
113791
402055
23598
11078
24144
23464
129138
51386
4809
85377
5435
79879
9681
9463
23331
79019
387590
10521
11144
6942
150274
25776
56993
27156
7494
51493
9929
25793
9567
84271
9609
9701
6305
25777
1727
10126
91289
25807
11252
25809
162
10042
10043
1120
638
3162
27349
8563
4174
164668
410
706
23170
23492
5155
6122
55954
23543
9145
10454
84164
8897
54471
80832
8542
4627
8911
25813
25828
9402
8664
23112
27352
11020
23313
4689
1439
10478
55007
79734
6767
3560
9978
2033
83746
5905
23264
84844
50
171568
55687
5372
27351
64781
23774
9889
23209
83933
63874
23351
2287
56948
1511
2999
3002
55147
10419
1690
11154
5427
79609
6655
8814
51199
5836
114088
5706
64841
80821
1033
10175
10668
51382
26499
5283
5684
10490
26520
2954
9786
283578
161394
10598
23002
9517
79890
5641
8846
22938
3705
51635
5494
51676
145508
2079
3091
9766
6430
1983
6547
23405
79038
4522
8115
79882
9894
22990
51527
7443
5700
9252
55671
60686
5693
7528
22985
57820
9321
328
8106
394
51550
6729
57680
5106
9692
80344
5687
4792
51016
5721
84312
9985
10548
10484
51292
5411
5875
63935
2937
4318
26133
5834
26090
10544
9837
22981
958
55245
23613
51098
4605
57446
84174
55969
4773
80336
6789
23394
5203
1477
8480
7165
80331
51497
1522
24148
81027
51012
26164
5688
28231
4923
55257
10732
11083
54994
63910
55738
5753
26205
54976
994
140862
11237
10139
79133
57761
9770
1457
8760
81502
9751
10326
10483
10398
3055
9777
51340
23509
25939
9371
10528
63905
3420
22919
182
51654
6640
9675
1869
58490
11264
128866
671
1471
79913
191
26051
81610
60625
116092
84557
128869
10005
57136
9658
22850
79863
9097
9218
64863
9663
23347
8736
10627
79959
55125
8731
4092
54941
23253
11201
57534
5932
8780
1478
340547
5716
115201
412
6907
10857
5422
79576
55916
100101490
79868
5634
51311
56180
9949
64743
6839
331
10735
286410
4168
215
28952
5355
660
5358
8260
5973
2000
55613
340554
5931
3750
9016
2332
11040
10389
7355
10084
2010
6901
5230
2623
84061
6611
5251
8266
83692
8411
6102
9767
5127
8237
9468
27336
959
7076
5303
64840
10916
5935
11279
94121
2491
51260
2717
51566
56271
80183
54602
10673
22862
81602
81617
688
8428
54
5611
55757
8874
143
55578
10240
10166
3839
2321
28984
23078
160851
84056
26512
79758
8848
1203
10562
23295
23361
8717
11151
5595
79153
79767
5257
57149
10204
9688
80152
10725
83752
9683
23568
1723
10664
65057
5432
50855
55565
79650
80777
4832
5713
79918
55238
55697
3038
79613
25839
55512
84138
9057
23659
79726
22879
56942
8312
8131
23417
4350
83693
9013
51172
58189
9717
23406
9100
83716
7249
26048
4833
4363
408050
64788
64428
64779
1186
84264
65990
8140
79006
79791
10273
4682
7329
4210
1428
29904
6650
9780
2935
7727
23059
56061
260429
124454
6923
23062
55313
57478
3163
9093
51283
653390
5934
23475
64131
29108
23322
4150
6810
10423
10295
84148
23420
50615
51760
79838
9738
57020
9810
400506
366
79719
114294
1445
8925
9325
123263
8120
23205
8766
1512
64927
2184
26015
9455
30844
25963
64397
22995
79895
56986
2553
90427
23312
55192
8669
80208
57617
11339
7782
26258
50804
23678
79848
51201
55290
23087
79752
760
7976
55756
8767
4683
10404
1666
54928
55353
55284
10940
79815
3551
6788
54332
5862
3646
9694
10397
51101
3574
55156
7227
6674
54108
83988
64089
51366
79792
7264
65263
1936
6713
55174
90459
23516
66036
23484
10671
203069
2936
8797
7993
5516
157697
9639
54758
4173
54793
427
665
4125
3783
4924
2997
11184
1891
3191
4793
54938
6625
1209
5971
11129
284352
2217
55011
23370
92960
2068
84444
55111
10535
147700
951
8175
4066
4946
55621
8677
56729
2208
1760
79735
259307
81576
53635
166
6449
90011
10859
81857
11024
6618
28974
10469
729440
9466
55723
7138
51231
26017
22870
84167
9441
93145
64926
10270
10994
79744
10775
898
8725
9141
84079
6217
92609
2091
9149
1178
2821
208
23646
57716
51588
9253
55702
1155
5438
6510
25865
27134
58509
26093
11100
51343
27113
7040
22898
55101
1089
10226
51073
27181
973
3386
6223
29997
4818
7087
2109
945
29086
7297
11140
8775
10567
5802
1954
10945
9266
83743
6320
22900
3978
946
7728
8605
8778
56344
9545
1628
374882
828
64748
587
54531
5518
30000
51398
2639
10990
10661
1777
79165
26121
29844
3718
6142
27106
5296
51477
8178
23373
11316
54555
93436
10430
7392
51599
79036
23770
57794
7561
6324
80714
2077
2931
57130
64763
23094
7639
23474
199731
56006
23080
85865
10156
1021
9512
27000
10282
10135
221830
5294
5445
3696
26959
11062
6671
29062
79872
136319
51678
1687
56829
79989
4967
11033
22797
94239
858
857
4233
64327
3198
10049
3955
221927
23288
6742
79974
11112
8887
54504
1124
2887
83451
55033
84725
6804
10392
2617
2051
84182
260294
835
51142
3315
11333
8896
26024
7586
8662
29886
4521
6878
8976
7965
7036
64598
55131
84132
3614
3268
23658
5054
1174
56913
8985
6119
10467
24146
113263
9678
4899
54664
2146
95681
643641
4232
57037
653857
27075
196
54927
26157
28959
5683
64983
55744
644
55665
55069
64940
6009
51422
5425
9275
10652
26608
7461
7458
3984
55064
2218
83856
79937
10927
54981
23731
158471
1955
9830
7464
7046
10952
727
7091
22949
64420
80709
944
1759
203
55664
6013
55848
54662
57589
23081
81704
23189
7016
8939
10488
9827
23586
8721
8395
169792
573
2889
56654
320
23064
5730
20
6461
54926
51104
51010
7763
1855
9124
54619
2625
3257
5264
83937
23268
22841
10613
8661
8029
1787
79009
5599
11196
11101
54780
59338
27143
64072
64115
9806
10367
5532
54462
657
9562
59
3988
56652
84445
81855
6468
10360
80351
8729
57584
22849
79176
79004
51684
22852
91452
64077
23185
23560
26098
56647
55149
9148
9644
10531
79991
1326
10539
54906
7511
9126
8036
7019
8030
8453
219771
27338
6158
57178
10105
64081
81619
23232
25984
57532
28964
6143
84961
10900
7343
5709
22794
51195
8787
54894
5889
5414
9110
4591
5023
79665
51174
3837
9570
55163
6198
147166
80279
10951
9400
9487
2584
57508
23125
9969
2027
5216
26001
8402
1145
10743
4927
708
6532
642
1362
9527
57003
51003
1819
117246
11216
6603
3384
9144
27077
55813
1655
64149
9267
5717
3959
5193
79132
2648
5878
4669
6945
8506
51225
2145
84687
51264
10493
55379
239
10014
8714
51747
64750
1845
9343
3131
9120
5573
54757
7531
23531
29098
1801
5608
25979
26118
9368
4621
26151
54868
7126
90410
27346
9094
230
6830
83871
57649
55161
57606
54940
23142
64854
26511
57482
8649
5197
4790
4126
7323
1998
4717
23158
27309
8821
2549
11275
1363
6164
7466
80273
54433
2483
1182
51809
1665
51091
23321
56606
55294
55247
55296
7468
57620
10227
683
9693
83891
55805
55325
51274
51088
64151
7358
10553
1075
91057
7704
26610
8882
23788
23360
7007
6309
56253
79864
27087
3312
4013
3338
54414
29907
9404
23220
23130
10938
5007
81622
83480
28960
51111
55572
55291
64231
51338
6484
1374
595
79080
27339
79073
10612
26973
25906
2352
24145
9828
22897
50862
57562
1982
3587
329
9354
1656
867
5818
10114
26273
8050
29099
51296
921
84680
4192
55626
8567
114971
79829
833
5002
975
54733
29125
55553
10944
9600
6207
9049
4928
4728
10312
1119
23086
11234
2965
5450
7450
5715
10536
8496
25766
969
11108
9976
84274
6404
23603
65981
83892
4891
9761
4598
81566
10645
51411
51561
506
10728
605
65117
8825
3875
79611
57460
10988
4048
2004
6539
81029
55110
55846
2305
5554
57097
10094
51184
51699
10635
10019
10566
54682
80824
1389
80724
217
1027
80018
4055
79676
8099
4940
4939
420
397
2967
1967
57696
81539
79794
7421
5985
2054
283383
22818
23329
55832
3458
5869
56890
57122
4848
8914
11052
11103
51258
2597
4839
1108
84519
23074
50813
51147
83461
56994
8078
7167
79158
84727
2026
1822
113246
5777
10162
51559
64426
51026
3945
5564
55907
29915
6489
50856
9847
11021
1911
1337
55188
8683
26127
3820
10384
51567
29940
51389
4117
51522
55003
2651
57150
4739
387119
84830
25842
254394
79632
8732
4121
2570
57515
51020
135114
135112
9750
23328
10090
26271
54516
5467
2178
116369
1432
6005
222658
11329
6428
6648
29074
4172
9025
221692
266727
22858
26268
9308
23195
55776
60468
79865
26036
9532
51715
222642
81491
202559
26235
892
1871
7803
10973
11149
9439
8936
2822
7915
202
8876
8875
55856
60682
6206
81688
51053
55084
7101
8724
10767
10475
5191
9841
9896
64065
57221
117247
51696
57211
9749
7957
7922
1235
5252
51596
9444
7942
896
705
84498
6908
23506
5528
51069
5754
6722
23113
10591
56940
55770
1347
55754
2762
26054
7422
8899
7272
2030
11120
55603
53405
57666
59084
9450
55914
23438
83594
55722
4124
9037
11044
3157
1611
10902
10112
23530
10884
3313
23107
5201
1839
3003
10307
55374
6678
3550
3156
10087
23197
57396
26762
3702
55819
54974
411
9685
7060
57472
79908
7265
4437
5924
900
10622
29102
1004
4001
57561
64083
10923
4883
83989
6897
4012
5144
5810
55299
5618
10723
10111
7903
10007
51294
6500
9631
5515
2908
56951
23398
373
80006
10802
79770
23548
5917
23286
9555
10915
4090
1452
22993
57222
5159
8992
662
80315
3274
1627
23567
1962
10051
58515
93973
55171
51300
51185
604
3081
84100
27031
942
56954
26355
4968
3836
5096
7337
25852
80321
55186
9616
7029
54464
8850
11235
5210
1294
5576
3280
7375
23527
1894
2771
10342
8287
11334
10641
6152
11068
57415
8087
868
56987
55081
59345
84223
2632
7372
22916
8723
79669
23150
54946
5361
523
80325
50512
23276
22937
57501
79858
11222
57088
51409
1154
7867
93
57599
51122
64689
9136
10057
84836
10289
54800
23007
7433
25981
6747
92999
4820
27086
1981
28972
6787
54891
1933
8745
1716
55233
55683
81562
150465
200576
51011
4691
10120
80255
7535
10096
55240
57669
29842
51639
9540
51277
5443
10254
9381
2820
1058
9595
90
85461
4358
2976
8890
29959
3676
10213
9784
51130
5496
64135
6209
25801
83444
7841
64427
374291
84759
2888
79745
6711
550
57142
27429
84695
1796
2591
56655
55704
9801
10314
84128
55120
2335
6772
2744
64895
1768
55825
25972
3485
84173
9736
10575
2677
23301
10190
80219
10578
23451
8869
9486
79031
25843
3336
55818
51652
7701
7850
3554
9173
8809
8807
2274
27013
80146
10058
8576
3069
5510
23178
10494
3398
9014
3241
4953
57448
79954
55041
26003
6801
10153
23683
80067
25797
22930
8604
151393
1615
6432
6382
5334
6509
6654
8942
7456
4999
9167
56902
5000
5341
1386
63892
22848
66008
54980
7072
51449
2034
1820
7341
4780
2956
65977
6697
2043
117583
10056
7840
607
1718
23341
79906
2882
27101
6342
55103
9731
9917
127428
9528
115353
49856
51253
23463
6146
5768
6814
148479
54206
11315
57535
271
6429
51102
3749
80267
79084
515
5906
3065
829
64766
127544
10067
55223
55870
6421
58480
54856
9181
28956
4209
85440
6723
26232
26270
81563
54823
10459
9829
3953
10625
90231
9927
60672
9887
4688
23169
5321
1647
79971
7799
5997
6738
51377
10286
9295
1491
79814
23207
1429
10745
7709
965
339488
914
8458
23046
252839
54936
55700
10352
64960
149371
8443
7257
54955
64121
4811
3964
51440
4548
656
4610
57568
6018
8564
127396
9783
10000
2117
34
6504
962
11240
6390
80135
10765
6675
1486
59349
117178
54680
5929
2635
2633
100861548
653519
8934
11126
1889
3155
2582
3399
1380
4179
9129
51107
64175
6513
10969
991
4352
9670
533
8704
79033
10327
5052
8503
8548
10560
2166
387338
50999
1810
1266
23215
5825
8674
51611
356
58155
7292
9588
55157
3664
27042
11123
25949
57035
23443
55758
3925
56181
57134
4751
6195
79947
29937
25936
8289
1063
6118
5511
23673
200010
114883
51060
57488
10849
23184
5955
1509
10274
6794
4297
56912
4317
11133
6230
9928
83479
23271
22926
55686
22868
8828
1385
8609
9331
4033
9789
57558
6785
9994
9324
90025
1268
81573
84251
23469
5325
84085
7128
9465
10981
4602
64577
6446
81847
383
83449
26234
80306
9194
10329
80264
8673
64858
103910
2309
84071
6185
60436
5311
9429
6696
8987
10983
64747
25782
196483
29855
11278
7347
64342
60526
57539
894
22936
56171
57404
4709
9330
23314
7320
140803
687
9414
9270
51692
205564
80212
84886
55127
9991
5887
23307
8727
54942
89891
6418
5524
2733
51552
11064
22954
26190
26147
10783
5537
4702
81932
92400
57864
84263
79109
27130
79695
57706
85365
1441
2531
9525
148223
84878
56252
26094
51077
83982
80127
91754
97
112752
10577
83544
64207
10965
4053
9870
27030
23093
55640
5826
1743
57718
81892
58517
4329
8111
8892
55051
51004
57862
23433
10936
9913
114818
1788
54867
54454
2281
64225
51646
25940
84272
54812
29094
53335
9419
26503
79627
55719
3416
83401
3437
3433
57678
51076
84795
4601
10285
80007
3070
26123
404636
60370
55717
79591
159686
2805
10672
284058
3213
1843
79646
7010
10171
79886
79817
29126
348995
25902
84918
80129
5110
57480
80177
80231
84418
54853
64411
63931
91687
92344
39
6950
399979
79684
51248
84068
84955
56943
84930
84898
80314
84318
6883
9617
29103
80209
51569
11193
1997
10808
84078
29880
11340
2107
7045
51307
64374
51247
51780
27230
5357
22835
7181
27340
7112
400
80298
8835
4801
51019
317
1846
1191
8795
10174
2185
1135
5533
64236
2053
81790
29914
23435
943
51123
10434
10987
157506
8165
8161
7706
59342
8405
10237
81558
23397
23240
117854
64282
113
84902
57616
55268
79887
79912
55269
256051
1
65982
10520
6045
81627
26984
1475
55211
64091
8702
80218
941
81930
51029
1408
9409
91614
847
29990
7750
10804
64786
51538
10657
55116
9034
729230
84265
8743
51193
5290
23244
80008
11019
7579
55791
57413
23155
29899
79712
7852
84083
92
51426
2322
6144
219402
2971
387496
5412
84248
130916
54440
4952
51116
54900
57179
1314
51744
4063
5930
29066
84947
311
54537
84293
79903
6125
57489
5737
100505741
54482
25950
84146
343099
79871
80148
27241
5395
83637
989
80820
55975
64224
11335
3181
84668
3624
11328
51251
10124
51622
27434
29960
55234
152007
92014
1211
8434
48
79269
8805
78996
800
5328
5552
55847
11319
5033
8034
11130
9559
9904
11113
28981
35
84329
79039
23389
1031
26994
79365
8082
3709
55297
64168
11059
23597
10549
10212
5585
79002
976
84292
10755
57213
84650
540
23091
57486
64105
10133
466
10102
64333
3071
5204
65244
29095
5153
1017
4035
60673
4778
64375
23583
10376
25895
55709
1757
64756
6491
55355
1300
262
29078
85015
9643
51209
139231
9367
79828
79809
9111
7130
130399
29994
206358
9926
55509
50486
3759
57826
5393
81579
80776
79934
5208
722
23682
27161
10608
1164
2181
79586
23549
79843
6560
84080
116151
5266
200232
90203
6590
79183
57580
3787
6385
8202
51604
57727
9217
84612
514
84181
5335
6431
10564
57169
128611
1434
387522
57403
6780
60437
27304
8675
56937
55905
55661
55653
81030
140825
4552
79072
5184
64377
23096
6845
3581
10617
55577
84693
400961
11017
10199
10396
23326
79177
7596
1088
8239
7180
2162
55809
10385
23408
57380
56897
88745
54718
6631
5269
57510
89845
3007
5190
4835
221443
222643
57505
346157
6204
8970
9477
26212
6903
9587
116138
1769
54210
4201
1026
6659
2739
57699
6239
6745
83732
51299
51000
10799
6310
9972
7913
9521
860
9208
2069
79026
55831
54436
23019
26231
583
4502
80262
2806
55715
2841
171425
84899
5911
10257
9375
78995
3659
65109
7737
23157
55026
4694
27109
5732
8603
2868
9953
399512
51081
23163
79637
79902
60386
57409
30833
55154
7270
9329
64794
54776
79143
4987
56731
79144
3553
5342
84269
51141
84172
54520
23550
79085
5623
2962
84266
8192
57187
5469
9349
84938
718
10045
9322
56927
8740
80207
6633
6253
24139
7408
8189
56261
27111
80025
7053
22918
64412
63908
1059
9491
92675
10616
56255
140901
6628
55317
6238
650
7692
8195
631
11034
24141
6629
92667
128637
3704
84515
83541
128646
64949
8698
56926
10236
80818
4149
64860
63941
22913
83658
8894
51614
140823
11190
5326
101410538
8242
154796
11070
5690
192669
7389
6487
79639
79654
3831
7517
10426
23263
55795
79713
826
84306
2866
79171
10054
2867
10870
1340
7067
1236
83786
25824
83596
3661
3276
6237
58506
57479
435
51119
6776
8678
10131
84081
22826
27245
2537
171017
10436
8409
5199
2002
10245
64430
22863
3895
9787
112849
3306
22890
57570
81537
26030
55288
2123
4974
55112
286336
8021
8273
5605
3188
51309
1678
55906
821
54973
64768
83744
89846
59269
79717
64919
1350
7186
79575
84239
57110
92797
5908
117177
8445
8089
50831
50832
54429
65999
3425
53834
84286
79000
5300
54850
23065
23352
50809
30817
23309
79939
58513
10365
9002
10975
2671
9088
117166
84219
146330
63922
23499
6597
23030
148022
84190
83460
79066
7277
7429
14
25953
6049
1892
90485
10142
2791
7979
3092
5782
5447
10875
51657
79689
2770
5387
5189
7978
84060
64921
163131
57622
7538
79644
10606
5471
85378
79924
85359
54487
57168
23753
7533
2781
4248
135
468
80833
8459
4357
7263
23780
5880
3976
200315
200316
51234
92521
9732
25913
9296
51691
222256
79706
5420
57464
64792
4289
4189
64101
813
64753
3663
23008
4698
6183
4430
10651
1123
64172
94101
8520
8924
6638
56984
57045
58504
57705
440275
55930
29767
146057
80237
90416
54617
79664
8854
54629
3712
90417
1854
79094
54982
10776
54832
91860
4016
25847
8930
1315
5682
25870
23022
60559
26297
7166
79733
1635
54478
84268
9098
5338
968
84817
9513
10749
9526
51105
23639
904
83448
65095
3609
57153
10053
1032
57509
27180
25983
11035
196883
84932
599
112487
10038
25938
58533
55837
112399
55320
4901
6035
4738
1603
7011
64097
7905
81533
84074
2302
6397
79651
9459
79649
2258
9070
80185
57053
1028
151648
6192
83855
58986
83475
23383
81926
863
2593
8226
55780
55274
26290
84766
9754
6303
54552
23677
158747
51295
3949
84337
5589
1264
8881
51337
5819
10452
10912
23039
147965
9667
25873
148229
84705
83483
684
376497
55695
79709
79016
64981
25796
51690
56995
51429
84816
55278
51250
83861
4298
4301
81
65975
4705
10095
57688
23149
55201
113730
170463
9518
54858
80726
25804
3727
54795
79230
10439
157922
10422
140685
85441
140700
4046
7140
7136
283120
25814
10844
375775
10298
26152
64793
6874
3911
9885
11047
23404
10585
83549
27243
9040
10155
84326
78992
84971
1968
54958
23211
9535
4294
57470
83667
93974
54797
9473
6249
84660
9026
57693
56342
8666
55337
1786
79088
6535
1736
55558
4354
55422
7776
4037
91574
25926
10277
54897
22927
11046
5638
7317
353497
246126
85313
9590
23345
9113
54869
10288
25980
9584
84905
2686
55902
23229
529
7770
126299
7700
1327
10328
23199
51659
5119
6451
1349
2161
80758
4772
3620
10487
5538
84440
51132
22
7187
93323
84658
64432
9467
26061
9779
23473
23180
64145
6533
3748
9476
256236
7376
11127
4245
7283
10197
6155
29893
8639
47
84313
314
4695
54882
1729
80762
7322
60412
116983
54991
8500
79652
79228
84231
4814
261734
4131
3597
54521
84240
7153
10948
5914
9557
8799
2330
10401
5565
100132341
5160
64087
57343
79149
7691
55829
22856
6627
3996
55145
83636
91442
55860
2643
3958
3337
65249
84261
5989
7568
90379
54862
6737
54558
10489
10693
22907
5894
5468
23225
84824
51478
55556
84034
548593
23647
85363
1262
10346
23378
26515
23167
55037
10989
51318
80895
8864
51540
5791
5901
5562
84674
23108
23277
51763
10514
6117
5176
7326
60678
57533
85013
51805
25957
23480
55915
63979
2926
3512
26057
57050
3691
23558
3021
85451
91107
9406
1984
23135
10462
2874
54739
1742
10247
157680
4147
84105
6388
2319
26284
54496
51388
7014
27183
92154
63926
64773
22903
5111
29107
10621
54453
5786
7818
22889
9826
79368
50717
23208
3508
9633
25974
1802
114034
4678
4595
56259
140831
55544
51526
10955
5509
8546
10207
93611
79363
842
51164
51761
9205
10208
64328
51371
1024
241
10354
10810
4628
10400
6341
23164
1116
5287
25778
1118
254428
59352
9911
8900
57511
23111
94240
5994
7178
55425
9365
5983
90627
79710
84707
54885
79921
55859
84923
201266
2048
10250
55643
84106
84787
5158
23640
1455
84250
55748
28992
54663
85329
10313
5920
54979
123811
84246
23037
22880
9215
84700
66035
114904
113828
284904
474344
55303
90956
23608
116988
84626
79970
57180
694
91298
79572
80195
83857
3845
10526
51520
3612
85444
1875
759
29080
23075
406
10894
272
81846
9645
22800
3295
196441
51669
79845
5977
4221
11161
80017
8650
79820
51241
23508
10001
1965
8748
4017
55140
9811
8932
51124
92259
891
1022
4064
3656
8536
25917
7428
8553
55207
9695
10752
89978
79768
56851
2944
55119
10100
2947
10451
84722
26191
6272
5738
10542
4853
10390
9398
10717
8774
56907
51535
51303
377
79022
54407
51054
10971
57498
29841
9475
91543
23175
129607
285148
3939
3572
89796
79577
10440
6210
4677
57614
84893
84991
3559
54522
79746
3601
902
59340
85019
284252
91768
1794
2012
6660
3824
3821
80763
4607
1643
53
8933
9363
51634
51765
143689
9698
90853
8565
1912
55143
29889
192670
51361
1573
91408
23318
84950
1824
51444
55250
1823
25941
747
29015
26519
9704
9415
746
6947
27202
55858
9575
87769
337867
55082
54841
2073
7174
79070
79587
9743
3703
2113
219855
51014
324
9315
134430
26578
55312
29979
60560
55071
301
1514
23670
23287
51280
29968
81689
8728
84868
79616
51347
84749
23014
8638
8739
84900
5025
92558
1840
10906
9988
79161
57639
85025
948
50640
29923
60561
6733
26136
29969
25821
22881
22832
10492
57231
4907
55122
23595
167691
6885
79899
4005
51317
55226
79056
4076
517
85406
967
10677
10220
27165
3679
9840
5959
116986
2647
1019
10024
6302
7024
93058
9924
9700
84872
3178
91
10956
23416
84946
9053
8763
246269
57224
54806
6610
64780
85021
8676
7006
84279
10505
10574
26056
10322
8291
84865
27345
9958
2799
1368
4193
79786
10200
9764
1783
55336
29109
92922
80003
9816
54583
22796
23456
84284
27097
2752
10228
6041
1660
9857
80896
116496
5279
3915
149041
9290
3431
65080
55619
9654
57695
81618
5270
3300
80326
64114
1593
9470
51719
1329
51455
80705
84804
55654
10913
9392
9648
64965
79074
375248
26122
23479
160428
84101
55681
10970
10154
55198
11137
55332
23325
84102
50853
2317
4752
51028
79621
26586
9882
55901
79866
23143
8803
55213
29079
51131
83548
4008
9445
10253
55270
1910
1102
3936
83852
9805
79020
64759
55501
10643
9771
5879
11014
11097
55146
313
28969
9238
54606
3364
28988
83605
64005
80727
27141
91875
10588
58489
3658
57538
53346
10241
55316
4836
6426
7716
51204
55852
10238
80774
83990
11143
64108
86
4711
57129
6434
64844
57471
11227
10010
640
6498
2058
3142
11311
3586
51133
26750
150472
3557
55627
55339
84317
79595
274
92856
9394
56886
2995
8027
10006
10730
64215
25934
56262
1025
7295
4957
23392
27348
51759
10592
9314
1861
9649
64855
27090
7111
6812
29988
55755
7539
1318
1317
7099
7743
55014
9128
2356
10868
9550
54881
84253
54534
8818
158427
55363
5695
51531
10244
2800
7507
4686
10541
5082
11224
81873
5168
79075
79139
4609
4856
90871
26953
64425
9373
3590
55833
54840
152006
7094
27240
25822
26206
11258
971
51754
9380
219
84681
84904
55667
6194
10695
51645
89953
63971
7746
5292
2766
23070
25844
81853
55362
10817
93643
11131
9856
3662
63027
7280
55227
8521
670
8737
347733
84300
3159
6941
10211
8870
9656
84547
79969
7172
255488
11270
23787
57176
129685
51439
83888
132864
85462
7097
4647
9873
408
5612
338699
10068
4926
60492
54843
27314
58487
5547
79731
55298
29088
8836
81796
96764
6386
4750
55601
6653
84811
7225
84259
2542
5962
5519
2230
64776
53826
834
838
91801
5607
58472
51496
79811
7057
23005
51203
51103
9493
57082
55142
23168
56965
6176
27229
55177
55075
4091
5330
80021
102
1588
54816
51187
51332
145781
2644
79739
54874
56267
2959
5876
10964
9411
10561
204962
1629
8634
26160
85465
3032
3795
109
5495
87178
51626
80745
1545
5861
10097
10113
8884
9581
11117
80204
51374
79172
10128
1838
10121
79847
26509
57559
84896
3832
50624
1847
51063
403
55165
9585
953
54536
51163
23317
310
317662
51008
22891
6229
80312
1763
471
50485
580
6775
79800
54529
29081
6741
4664
9360
79675
57520
3417
29789
9541
6744
150864
55759
10152
3685
30061
55032
84925
57337
10063
83666
9101
9728
29766
84888
26035
90525
83464
81556
8483
54956
60490
8482
84993
83478
10144
8916
55008
51191
55345
55435
51138
3184
5593
153020
22872
84803
2247
55212
84162
5910
55132
22915
8654
11107
27163
53371
55589
9908
55752
950
901
246175
8615
306
27068
1062
79807
57117
839
51176
3033
1950
9061
10427
5530
64116
2201
23162
5998
83606
91445
64098
283358
121506
2120
23710
55605
144402
51067
121512
84920
58516
121536
254013
55500
85437
84216
144165
51279
4704
9746
10219
6843
55080
939
5830
347902
9169
84298
92979
11010
22822
55266
1848
282809
160418
6636
144193
121441
50511
283431
121260
6996
84934
113675
326625
51228
9815
84260
9818
9107
283537
6541
222484
6821
85478
6895
8608
94
53831
79035
90634
6601
675
54934
91012
7786
3695
11226
51380
55716
60314
23344
7009
283373
283337
115825
144983
10161
2098
5925
55206
283385
23067
65082
79720
54509
8562
81624
122060
64062
10150
84945
55647
79774
8451
161253
161247
81542
122786
57161
6252
145389
122830
8816
376267
112840
2100
85439
90141
8477
145482
122953
123041
10516
122616
7453
91833
81614
9990
4236
6938
6652
10169
146050
256586
11001
3067
663
2958
6727
22893
146059
7090
8125
54939
92912
9051
2108
597
10363
49855
10099
80349
10499
79661
4123
55466
59274
7168
3480
91947
80119
9960
585
5371
170691
55180
25989
5046
60677
10066
145864
5428
55215
11057
90381
55070
4240
374655
55898
55784
5045
8826
64784
79631
23478
84656
5373
3687
7041
64755
79798
5073
79068
7385
1039
10261
55114
85407
9785
54957
463
497190
221184
84166
10300
3801
283927
2653
123920
146225
8996
81631
8720
23174
57707
29948
3394
89941
54925
6187
4716
5170
91151
54849
22980
2588
2622
55090
9611
8533
79018
57336
8844
84916
57610
1506
64180
81577
28987
5636
146862
58488
55028
10140
55275
9905
9520
8631
90507
85464
22901
92579
1213
54828
51651
6760
6875
10939
3613
2774
25800
55197
83608
2589
114799
114876
29919
27043
4864
6563
409
55135
50488
112483
432
23533
7157
396
11322
9123
94015
10966
9775
1453
51529
6904
79672
26502
57521
3607
201292
57332
6398
114804
22994
56270
8535
494470
54808
55520
4152
4089
8792
54877
5366
10609
115024
162427
2064
84299
3487
10907
773
113230
90378
23476
29985
4782
91978
63977
5211
55527
7409
93343
6455
56931
91039
90324
641649
57677
23410
10410
80162
3454
6647
1292
150094
7226
57410
757
351
9980
9875
207
2014
10055
79760
81794
57140
11132
4542
105372481
91662
126208
90580
10498
115704
55244
5694
89790
25888
6205
23521
90353
51070
57333
80110
6518
473
128272
79180
5195
5226
83442
6135
51042
127703
79932
55194
10733
9064
54707
84958
23038
84224
3339
23421
26135
8915
5567
10026
113451
6202
11004
5792
148932
8543
22823
90874
55917
85369
5686
128346
963
1952
8515
223
481
261726
29922
57645
25874
8804
55827
10223
9095
7371
54499
6375
6846
5451
387597
4259
64326
51506
5498
2212
83540
8490
6391
5202
27005
5546
83416
51093
79590
93183
81875
3068
27
9213
6004
26092
83872
23179
127018
58497
6097
7286
10262
57592
80222
81609
9869
54507
4170
1513
5993
5298
8394
81611
55793
8991
29956
2029
65005
405
23126
54964
84072
55204
126626
51514
8444
1939
25896
9015
56950
55061
11221
7159
57198
8751
10899
5872
6279
7170
23557
11000
9898
27173
10456
148327
89872
3782
25912
57459
3608
6016
65123
128061
2590
79573
51097
1130
84451
9859
52
116841
6726
4931
163859
8560
23219
375
29097
3707
2987
8476
149111
79169
129642
142
5664
29920
3930
9580
8497
5778
127829
151449
10130
388
92906
130589
79823
27436
805
494143
6233
51057
51542
55252
54465
6637
4211
9391
84874
23020
64969
51002
23233
94097
113419
8446
55258
5899
80775
11159
6574
129804
84524
51601
151313
3899
23190
339745
5433
83607
8502
57282
79634
80856
83879
130507
493911
165215
3329
284992
151194
5746
65065
151050
79582
285362
84236
57007
55502
51281
64708
129563
2177
132001
9686
5868
79137
58190
9125
114790
29926
85403
51143
114884
84892
64651
54977
3680
2803
10217
9922
23066
6161
5793
55164
115286
9039
10550
7110
26018
8994
285349
64332
91775
90102
55347
285282
141
64422
58477
116931
83939
114885
7220
57552
4026
93109
9711
275
6988
84276
9730
7873
55840
8893
9718
1609
81608
55646
1060
10699
57205
132299
79966
51316
58478
93587
57563
6622
100996939
93627
817
493856
92610
166378
2169
890
57721
54532
80854
92345
55016
6423
6189
285533
56034
84869
285440
83853
4726
10299
6715
4651
54491
6167
6502
10769
3001
5295
10184
23635
256006
10788
1393
5921
54826
23262
5066
55814
2966
64924
689
64839
25816
56929
51397
9140
81555
23092
9879
91937
153830
81545
78991
10318
10146
91975
23138
55651
64777
91272
3779
26240
340156
51256
10667
54438
54901
153527
26249
81786
90933
192286
54540
7941
27242
22838
4594
79930
29777
170954
23500
5558
51557
221472
285855
4794
134728
55023
253714
10957
135293
57038
256380
221322
154214
93663
58527
116843
113115
257218
51390
6993
26230
57583
9589
9202
79624
221806
2768
84310
221935
375260
221960
79034
57786
9586
113130
3486
5814
4191
22932
2631
908
5723
168374
222255
64418
55262
56996
64599
89122
56257
84928
340351
92092
55281
11011
2041
64434
54892
401409
51631
30011
347404
8573
7403
4478
55869
7569
56548
55634
54539
7592
9203
6872
84636
4841
10682
8473
29934
3561
93953
7552
1730
5631
55086
84443
139818
27316
79648
9258
26260
50814
7739
1069
6134
55790
526
55246
79618
2796
55909
9046
51312
91782
80005
11212
11160
6867
51125
84513
84296
54904
137872
28957
51110
7013
6129
92140
29967
9166
5440
8667
84294
4715
83940
7553
55630
93100
7436
50808
115426
4781
123
54801
1030
1029
203228
84186
26267
10280
220869
84131
414328
549
84641
84909
58493
7357
401548
2040
2934
92399
2649
210
23245
54107
6836
26301
6834
6835
6838
6837
57109
6130
9328
140459
80142
28989
25792
114789
56904
84895
9536
3934
90678
57720
286257
56623
9919
92715
4851
138151
254427
9712
23412
22921
23590
221061
80013
6251
338596
56288
6935
29982
92211
11128
26091
83938
818
2746
3363
10556
118924
120
54788
1979
6934
4288
282969
80313
92170
196743
9446
6877
23082
85450
54805
22984
8038
6001
84280
133
55327
196294
27315
64852
7762
51144
51074
8525
10480
85456
710
6749
8501
5795
79096
84364
10658
51501
143686
23052
79780
283212
871
726
92105
5058
6188
85463
54970
4684
4863
472
60496
89944
128710
55004
2900
6768
10525
57325
26007
9219
51524
3992
6094
256364
3619
932
9651
79869
2206
26229
9538
80071
1111
9638
90952
10205
51092
84866
6876
149951
79980
140710
140894
149986
54915
81928
220064
83707
84304
83706
5331
740
10435
2197
7108
738
5531
226
8479
9344
124446
22866
51348
51267
143098
3688
51503
2209
84159
55208
55002
219854
114609
221143
26524
10284
57536
4253
3176
27250
150
2823
116966
7424
79839
10666
161835
64407
11098
54545
22948
134145
1793
85458
1737
55216
26521
3606
5805
5305
2308
51232
9871
23457
196383
57647
7316
3708
339105
23657
25819
219670
93589
196513
3742
7068
55768
54995
55293
144110
121053
90488
121551
89910
288
253430
144715
196463
9231
114134
283464
5756
22982
1977
93081
1456
153443
9472
283635
51562
2132
129787
65987
4718
10873
80224
140609
2241
63894
57182
26019
8872
132320
132321
55691
5800
2059
27034
29087
112936
23310
143187
5860
57700
374618
79691
166785
152485
4306
27287
101
22944
5281
150709
3628
54842
9781
8853
6868
2313
120224
80014
79682
2180
291
196394
636
60485
160857
51594
79750
60558
26278
55835
26272
64417
56477
79668
143384
667
7073
9531
144423
130340
9910
148534
80097
130074
150776
4249
253635
79833
79596
57105
115761
26040
120534
57724
9050
498
115106
147339
57405
5163
5140
10618
56659
127933
83734
134359
167555
117143
143884
133746
9456
7518
284306
374928
284309
10172
79723
64421
55301
10557
9397
116412
219333
152137
814
55521
678
255967
5213
114908
79925
4154
133686
23171
55676
53918
25780
51128
160897
200132
79819
118932
24138
53354
56978
9987
3087
7402
5796
9453
51351
5884
9412
5352
152789
166647
285672
10283
3140
6728
64946
9425
23589
55024
51061
1601
55289
10018
64682
831
60592
1070
8467
654
283349
3192
5903
25909
10461
84910
4929
5937
6328
10225
51571
50807
22878
84791
125476
79888
57407
124402
26175
3621
113622
112616
7342
64795
925
22934
154043
2960
10428
55625
136895
221895
80790
55022
9320
1054
79047
148103
255231
140890
1105
8526
9653
124540
221302
9955
284161
116150
5529
10750
26289
55364
135154
404550
219899
56172
90268
84959
64221
84897
4900
54463
2838
9868
284
26207
200014
204219
5578
79705
201134
23460
10349
23461
7345
375056
84976
23043
252969
5239
84033
91694
81559
126731
57630
115362
9184
388650
518
728577
6921
23643
9087
10950
54149
91133
27342
54148
522
2551
9510
11096
80746
146857
7476
7508
51244
201163
285381
92106
23228
30827
220134
9989
147495
284047
65258
51560
146956
2047
84532
91369
7566
81552
139322
113612
80028
221264
7071
5799
51582
528
55529
51633
23097
112495
158219
55326
64210
55361
83742
118813
401647
152992
81894
6782
64092
29761
65983
54819
388272
4343
389
1622
6566
55027
84365
5018
9056
23367
9337
133383
166968
23165
342357
138241
118788
129831
7273
11326
9601
79831
130535
285172
130540
65062
64798
56254
133522
9844
1836
134353
9443
10670
92370
5922
55005
6503
51643
7411
116442
1193
2334
286097
23426
137492
23362
138199
90550
91748
118491
145483
2776
132
3778
10538
1633
9508
286148
137682
128338
157657
161502
123720
29104
10069
10600
10694
56911
571
7074
57466
6103
23552
84108
122416
119392
22986
118980
9556
122402
5097
153769
7381
51001
9791
5521
6156
159091
6832
159090
1915
80201
3098
219743
84295
135228
9246
25921
219541
60685
27020
23522
142891
80223
10813
9131
5603
9530
931
93594
55093
29028
114907
286053
115509
78994
64319
391059
5261
64645
163786
3681
115416
23355
2585
93010
701
5147
1974
7862
285367
9797
51738
6396
9941
123803
9372
23049
115548
3084
54953
1376
55707
7804
22976
23648
9069
4323
8321
57798
203328
348174
10901
283971
11269
6483
197258
115817
776
3815
132949
7567
55799
54778
9133
4643
26060
1831
10311
1859
3772
2078
2114
90139
347734
84187
4599
25966
257397
124565
114991
9162
203197
79856
254048
673
84262
57728
84255
10239
114793
150946
121665
9364
127281
8764
55229
64897
5192
11079
6497
26100
26119
116987
5051
9577
144406
63875
1844
91544
138639
79623
4690
114822
127262
195827
55113
26504
2140
199221
2176
22808
10163
171586
55179
388591
8450
387509
114928
26053
57477
3017
995
8365
129531
9669
286527
55571
340348
23382
9334
912
909
9825
911
653361
90121
55607
124245
130617
81544
1780
212
222068
84919
26958
56946
137964
168507
9753
8407
2005
56833
85414
54935
115992
4681
50848
7391
124044
4817
9191
92822
1896
978
65018
8703
2039
64760
4720
2207
84134
4359
57805
57685
56990
51735
2035
54069
79053
54461
56683
8867
94104
3455
124995
3460
2618
6651
29980
1465
714
516
1827
65264
11267
149473
861
873
874
23515
8208
3141
201176
83440
5763
23569
51094
51706
5710
23400
130951
5692
7832
3099
715
8659
57519
117145
197131
267
112950
266747
64843
89970
149483
60313
8883
51249
221188
1636
9813
10417
84303
1487
51673
9114
57732
146206
388284
9715
6002
5681
7791
29
150275
7773
203260
7673
4882
645700
7638
9310
10020
115650
2909
5739
808
1676
79140
55721
56063
55108
83858
29101
118424
149076
27151
2063
126549
131076
203547
8997
9619
7033
64699
53347
54020
5152
10785
4731
5316
875
7307
23076
8566
2539
1476
8568
56894
7109
139716
8209
23308
755
7617
3689
85395
5900
4047
7410
8888
54058
5116
23181
6285
3275
125875
7757
11094
11182
388561
148206
26086
126526
27433
30815
92799
112724
10444
84885
84814
57551
9442
162989
23387
196264
120425
284086
9159
6294
917
26097
643
51043
80308
6464
55823
79671
103
3570
55585
200186
55129
2224
23623
2630
10712
79957
11243
9673
4000
1234
23218
151903
56893
221908
54865
115352
112939
3101
9592
84124
10898
4061
51160
4796
84939
9401
9684
84449
84988
80228
54784
10603
51149
8878
11282
6132
9794
222229
222235
222236
5701
126321
150223
1857
1173
55324
5130
199746
622
84911
57125
93210
22806
2232
29115
51
5635
6427
84765
55260
126133
3678
114132
25946
400709
162417
124801
284361
126119
80174
91010
29127
113251
160622
125950
147841
221496
246
340205
221442
115950
400569
58191
388325
100529209
433
8741
26168
1973
6154
51728
79622
197335
339123
90864
80178
899
57465
51005
146439
124222
114984
7627
115
81570
10825
220002
80150
51035
79081
283237
10629
10482
6811
283130
6159
84447
7542
8986
4041
219931
10158
6886
51727
79656
65260
79699
6512
54987
4116
26027
25973
163747
23358
8613
79707
9903
57643
10691
57190
205
3716
55225
84328
116362
284723
374946
9249
7805
9672
553115
5928
57648
255104
127733
249
6339
199990
1953
149233
4774
115209
114803
83941
7398
8880
91624
11080
127255
127253
8707
284611
113802
148423
2634
127002
115361
284695
2672
343450
178
2135
148867
23528
10092
114548
84838
25893
93185
4921
8682
5824
23385
114836
127943
2215
148304
28982
467
64783
79961
51278
25992
10380
79762
148362
100288142
51205
64216
163882
129285
55220
165140
23498
148789
9261
9214
824
128308
80232
5966
150962
5194
84542
27185
92291
51072
84661
129450
79568
130814
26225
130162
344405
142679
112942
129401
165055
150726
200420
80304
79677
3020
56997
151473
6443
3625
129880
56916
10611
23248
200539
1520
133015
149428
79626
388695
79005
6944
2071
284996
55677
388962
10602
6282
90957
9938
6280
6283
7039
151195
7855
54876
132789
152559
152519
118429
113510
51023
8545
84142
151556
10654
57326
90780
204851
1293
55249
84541
285203
128240
56983
55356
476
6565
317649
60675
116064
11167
92703
92691
3490
200185
3577
10109
7203
84283
6746
64320
27148
152110
285025
57650
8320
57703
64343
7048
55139
79885
50852
2199
79411
201595
131474
115350
151246
5274
23122
8802
81788
6708
5584
4332
149628
3428
9447
56648
200916
151742
130026
100507246
1493
29851
23429
151987
131450
29083
25871
152185
57577
23001
285521
5783
132989
80145
6314
9861
152926
8833
25976
57018
5806
8820
7871
6133
201895
11102
57406
54502
323
84818
78987
285368
26577
23350
64419
151613
6374
5473
5196
441024
2919
25898
57047
1359
2992
84343
11073
6259
54861
130557
22950
151056
245711
57456
56992
23160
51304
64866
54585
79443
1230
79442
54859
151636
7707
349565
113444
9204
131601
55689
80149
64769
79753
5437
200879
90407
6184
59343
55764
5984
116832
8314
7086
5580
91869
51460
26354
55193
57654
23272
50650
7884
4043
131540
200931
26043
165918
54965
4241
6286
84448
64789
79078
114625
51058
9255
166929
23173
79982
3015
150159
133308
56898
10424
993
820
51385
79714
84126
51246
10252
327
27152
63891
22824
256471
80167
84315
23132
51368
1849
25886
132160
80335
401152
3148
8819
4085
308
79884
2982
26269
80817
3248
55314
51313
80155
3600
729830
27236
23379
10393
6059
54726
11157
55751
90826
3673
4338
153396
79993
91942
92255
25836
91137
134429
5229
153733
651746
134147
401207
133619
2150
55109
55255
4724
134266
153642
22836
81789
256987
836
201973
51752
64167
202333
57587
253260
167153
1879
57763
134510
84135
7098
3818
10412
84340
133957
23305
23176
134549
27089
116842
10559
115004
167838
10370
153222
285761
94081
154075
114801
57107
134957
79722
221476
221955
9263
29896
55568
79685
6208
10466
154743
10569
6100
9232
819
285613
8645
7559
55536
54468
222223
25862
285905
94120
2171
117289
25798
22853
1508
10395
5828
5885
90390
23514
5001
54919
1669
734
23353
55074
115330
4846
79778
26173
1020
6522
10922
83590
154791
51808
501
221937
1345
7534
8323
81034
25879
94241
55656
25962
54704
91147
9897
138716
203259
6619
318
157378
11168
203238
51271
6850
55335
19
4783
137994
55798
2395
137835
216
221656
138050
80318
55582
84267
3190
203286
2203
11244
1536
6990
58526
654817
158405
5277
55342
26130
84270
538
195828
139324
4712
65083
360
158234
7415
84720
30968
254065
26050
9833
219681
220213
94134
143279
254170
203522
171546
7486
220972
7253
1073
10910
2957
219654
283209
2350
3636
51084
221035
221150
221154
220042
51585
122769
6166
55172
11067
220979
7570
23588
161436
9147
84881
382
123016
57156
122945
83592
89890
158584
11164
51339
222389
509
8559
83860
7417
118881
6571
118987
23172
169714
63877
64324
10935
10495
27069
51266
6621
120939
23203
10807
7248
8328
3251
118426
138311
116225
219736
9188
9790
282974
65991
90809
64745
57447
55701
26012
51222
840
153579
55088
56339
142940
53349
10023
80019
144455
143872
122961
120071
145567
91252
5702
79841
123036
53981
64112
122509
3429
79789
9317
9200
221079
56935
85459
79101
25841
27291
154810
5654
3990
9702
255394
161742
83700
116173
84706
81693
51762
121457
27079
55662
4714
84936
6692
2200
552
29117
1152
115708
8945
27343
9529
25911
8539
57567
79803
123228
9221
221120
9318
8879
10818
10576
5092
25820
1353
7753
196951
252983
116159
8065
54838
119032
717
79156
119504
6609
322
25961
54765
3611
6881
1200
8642
81832
118490
1528
159195
5896
119710
374868
8495
51700
9710
5271
79608
3419
122618
84460
143570
9866
254225
6157
124359
55839
56672
23300
440026
123169
7702
54495
7465
5598
5579
50810
8509
4176
26253
7551
338339
7589
57494
7084
23423
90701
65084
81565
201161
51647
7184
10904
89832
80063
27018
9382
144100
80095
644353
567
9640
113201
164
162394
117155
100128252
89927
9665
113174
219539
5479
84191
63901
9768
8800
124491
290
89797
348094
162681
84516
54386
5347
10845
9880
23306
4665
23339
6778
219988
91419
6809
54948
79837
54893
7529
81628
58475
84689
115752
23582
2038
4088
4130
91433
64400
10982
59271
4141
114785
245812
2923
11051
4824
129049
150290
7008
150365
5090
2793
5245
6632
158248
201191
162461
399665
80221
2801
26995
51117
10999
81605
57171
2021
56905
6668
10229
1398
26263
23102
64127
124460
125336
84064
7644
257160
51755
64174
54920
51367
64772
10632
915
125058
146705
4645
10449
6786
6240
55128
64122
7571
126298
7769
7733
28227
79759
9726
79001
762
55181
7171
4218
2879
90007
126306
199786
55295
54815
4597
81620
51693
29123
124045
124923
147011
6137
121274
784
147015
90313
8085
84940
121268
7846
84790
162963
84436
55762
29946
57701
53916
148137
84807
3903
114823
3904
116115
83696
3811
7705
284349
10653
64073
90522
1613
1938
126259
10036
80700
84717
729359
10501
55311
51031
113655
90990
124935
83547
124997
63826
55720
162514
124936
84798
55769
3848
55611
51293
84926
148156
4723
10263
7001
7775
79003
10871
11314
283987
3396
10476
92162
2125
6730
147138
7083
137695
100505501
147184
84514
83986
90850
64223
1877
1775
1632
21
54442
23524
146434
197358
54949
1642
55048
5866
7439
2495
26580
5436
6520
144097
89849
26005
9881
199223
3921
1499
54986
8772
4054
10004
29901
116071
7536
5871
283234
55872
5368
10980
5049
124401
84309
57691
5867
81406
55209
79725
149603
84376
93487
54541
3516
55788
29063
5729
125488
132158
92181
548644
28511
7266
359948
64943
440957
388753
3800
4247
648
57215
27249
5162
54899
3008
115294
200845
136647
3660
1524
378
4735
84879
1841
6890
84289
23192
197259
8418
55159
399
91949
51362
10963
11031
80346
7148
649
11273
661
2237
8436
23255
124790
2339
347735
60684
3622
55602
154007
79064
6575
79089
6774
90204
8754
8313
4725
90075
157638
753
9122
3575
29100
10768
134218
11142
54910
26505
2948
54790
79867
9677
10098
116236
9925
54921
161823
9836
6645
3592
22847
53407
27065
166793
85476
55308
84913
54851
10713
79155
388969
129303
51255
10791
10917
123355
4144
57507
3635
3954
92305
10251
153241
56947
3965
8681
221749
27036
1876
10116
54951
521
7386
84179
1285
5604
3187
3667
4204
65110
367
207063
79663
8623
293
113189
25849
53944
90362
84632
6940
22809
7336
23099
255738
23214
4330
27301
197370
90693
440353
10421
10636
26000
10960
148823
53917
27166
7059
11238
55974
1942
3627
23117
79628
8233
51068
154
8706
114787
65008
126669
55276
64805
23251
9197
10073
8738
25942
200894
6036
6037
5747
5724
5780
6039
3576
6335
166824
6383
1043
93380
83877
59339
25932
151258
1880
196074
9839
5093
3094
285605
9022
283899
1677
27247
150468
123207
83640
200558
552900
727851
23119
7798
284004
699
83985
201255
1138
201254
10555
79058
2815
2194
7555
4493
64118
2873
5986
51181
7580
3987
202018
7360
3185
686
55454
6091
57099
5028
81844
51327
7480
9185
94056
3684
8460
163590
23252
161725
2990
8019
51621
92595
65988
79724
131616
10746
126789
83443
7584
201798
126917
4648
1107
201799
214
7532
10477
116840
58485
9196
285596
375484
201931
728554
51617
197320
123606
7324
220988
23235
57484
9720
554249
1140
2993
84640
9121
140838
56985
114825
55031
10015
7988
84140
8427
2720
84520
10826
10491
23587
152189
11337
9482
983
7314
4798
56980
10678
2353
10972
401428
6419
4086
285966
7779
91752
130827
136
4255
196410
3035
152518
160518
929
202052
79697
202051
57148
84305
51237
140807
164832
53343
345275
5036
79071
5209
23204
5272
57228
1000
133418
6773
134492
26145
3308
28991
6444
121355
349152
7564
83787
80196
98
80305
11016
100271927
9306
162979
5429
3799
11214
55038
79145
94031
3344
84669
8493
2850
93622
25948
84864
51499
27258
9778
9788
79188
11236
6203
79042
84437
4696
126014
85315
11162
26115
120526
90338
55786
112464
1084
80310
1901
5569
286046
203062
2358
2357
9637
53838
883
4534
55006
3643
55669
155038
100506164
27094
155066
5581
84522
10474
9655
29071
79095
79894
55657
203245
64080
84233
55863
81603
81831
55561
51282
3726
116844
79801
283742
90594
126070
2548
124583
84287
50515
51013
5223
55636
157570
1184
11076
3752
27115
64979
51545
9
147807
4163
57684
92126
9533
171023
54811
24149
93134
147179
84525
84230
26156
55144
5481
255631
2110
5734
6902
598
5356
201514
10316
22883
51523
10782
5293
171558
84275
8507
80176
2186
170591
284307
27197
344887
2857
57449
55729
10287
6919
203859
8841
10243
23261
151827
79029
2628
115727
596
83695
1503
85442
92342
1296
170394
163255
144699
5394
148268
4815
4300
6241
51112
6227
719
55178
5728
6201
246243
5621
83660
654346
51030
7764
653464
91647
10465
126295
149840
221037
4118
115196
83452
7064
3913
10869
5859
94103
8293
8462
6606
9451
126308
51315
10201
54205
926
55106
257019
6641
27085
79736
28998
10892
3669
154141
10663
1051
566
10605
64581
375444
257194
7690
140733
1798
682
25988
253782
55304
55352
112858
160364
669
10248
199857
8801
80765
3603
2783
84331
9854
171024
10978
221421
150678
54676
55277
124221
9338
7572
79694
4299
9158
57571
54971
5499
3054
1521
5139
10125
89857
118487
122704
10924
5883
30008
729092
253725
80194
64393
93550
387357
148203
91607
57175
84750
55222
80198
169270
1072
23023
79612
90288
80011
339122
55871
326624
167227
6169
5916
283848
54961
8824
57546
6670
1657
254042
285268
51162
55191
1717
26960
84153
26579
338692
4615
9943
23133
253558
541471
150165
10524
344558
79877
93624
156
5970
132884
340252
283450
55731
54796
10855
27235
3310
51504
54674
22992
203054
78988
64318
2101
150684
65059
4580
54625
10800
165631
1163
225
130872
22885
126868
91749
81839
2745
9657
2804
158399
144195
56834
653784
8658
203523
49854
79660
286042
56977
4296
10221
84826
713
712
4973
1605
64801
51126
440574
254102
83591
79102
26472
10534
6599
147687
5797
2286
79834
8793
4485
8794
29925
92597
90441
257364
64859
1106
10803
51134
27284
11163
5091
286205
64802
78999
100128327
6573
9986
7388
1964
256643
5707
57493
79703
9804
3267
6777
924
1267
3728
10209
284131
57674
220359
1263
10276
23333
162466
163049
80012
26996
27333
83759
84833
3212
115123
126074
353189
5936
152002
165324
9973
375387
84984
80311
200933
2787
253512
8722
253827
23592
283951
81793
7096
10333
345757
285704
152877
284613
254359
105370792
54931
6403
348180
23269
144577
54872
10594
112
5306
9416
7634
741
57659
23051
23612
201232
378108
340024
128439
9156
253959
3981
389524
488
55055
6124
10302
400073
26047
582
10260
257144
400986
246330
388730
65003
53833
79647
55167
162968
1240
90806
7368
339855
10781
11041
153339
3952
285590
55196
51574
143282
9975
25855
6138
132720
3265
151790
6731
126006
9610
152815
9662
57124
2015
201627
201626
11146
10897
171389
126328
51319
81876
81490
125988
285315
253980
9934
155185
29909
170506
26259
64837
6580
1488
9435
79683
545
125144
11065
256356
80124
149420
7189
55279
201158
56945
55690
65108
80851
388403
253559
28
5708
131408
55486
1649
5095
10540
79797
10106
9793
392
10025
9776
23015
9537
378708
22845
117144
9134
85007
162655
27257
8815
1139
56674
56675
5771
84285
4087
8665
219749
285598
1212
4023
317671
64770
374403
9092
55844
79772
57804
126364
23529
143630
387787
10008
144245
10589
79836
7352
7351
83638
80227
51642
5870
5029
2072
11007
54968
100128782
6199
116028
146691
58492
205251
146712
22877
400360
54998
158135
401505
55508
169841
8607
4482
643677
23399
375757
202309
10458
340481
79666
2
285489
57633
63893
93129
84747
163259
84617
116068
126792
79898
9832
153364
286262
257101
113829
55057
9807
8636
1479
7525
79643
10301
402682
55254
55346
284001
124535
8877
664
339344
79915
114926
342908
25914
29882
339487
159371
7694
1351
54993
246184
51379
6051
163126
126272
56888
84277
283377
161176
1196
254531
28232
79446
112869
11145
653583
2788
205717
100128398
9920
84002
84823
51115
51320
220441
4642
284756
9884
79635
197322
401466
8851
80230
10409
374819
54621
284207
157769
55884
7298
5827
170082
9240
23141
374786
51301
200958
51078
84901
23625
6470
29952
9632
140775
4524
10522
345778
283232
23403
54503
153129
340485
84942
5426
150368
391
64787
100129827
196527
403341
125228
6888
8408
6197
374907
80324
80205
347862
11253
3738
162517
3737
7156
253461
139105
286122
64925
144203
29928
3090
64110
100049716
219285
441951
5074
7050
125170
266812
930
7182
122970
10425
375316
10009
79751
79874
475
79718
401474
9332
497661
474345
55367
126069
6181
83903
3725
23283
2629
28976
23765
57104
57085
283316
168451
283229
387082
977
5441
56975
25945
389289
9772
2314
6666
10949
648987
66005
253639
9849
8269
374969
285267
1176
2885
360023
7334
151188
30832
158056
92806
51272
6232
60626
55272
140461
440836
283417
55929
254228
3615
259173
25915
205327
54762
83983
51027
9659
1662
727909
4729
55152
85460
167465
254251
25970
340152
143888
5339
146547
125919
63917
11180
348654
360200
8834
117608
26251
90637
389072
7766
84792
100653515
57673
221294
2731
84987
54681
196403
55175
788
767
940
9852
4094
56998
8225
2081
2859
349075
84875
23512
63899
115207
200895
54913
2907
7056
2814
9377
151176
57184
22882
124599
4351
26873
124989
9242
81575
54512
147991
6879
285346
5198
81888
79415
79818
399668
2580
51341
7284
80010
80169
55030
284029
6415
27335
114932
112574
9212
93621
285237
84314
23212
283849
55920
220388
54344
374470
1537
5187
160335
2193
144108
55095
168537
80153
285343
2517
144348
811
9500
100506127
143458
100128310
5886
90480
5781
79730
727866
54734
1198
3119
2624
10620
23241
255520
285908
50628
54813
7681
10472
122525
645212
81858
144132
139065
79571
4261
161882
247
201164
23580
100128927
144811
84232
2205
340390
91523
729614
9582
51268
400960
91663
727957
9792
9495
284023
163732
154664
84948
23042
7710
22864
55600
9378
22928
151306
147808
55017
1237
79738
84922
22827
79077
51333
10194
118672
122809
284273
197407
284417
253650
255043
1731
54952
11336
100132116
66004
9282
81889
157695
1104
8575
283755
223082
389015
125893
55785
4947
285848
124808
2535
166815
3059
222166
23060
5062
285331
90411
283254
54494
23526
51276
374986
3753
8204
168620
221687
401563
85453
2529
8334
255308
8347
151963
84622
84333
5551
55432
169200
728175
53637
100271836
80045
166012
404201
120103
253832
124961
389840
5464
389362
79929
10224
3579
6748
84698
126375
404093
23513
23510
728294
5021
55783
286077
137209
400410
23760
90843
255252
64928
166379
284406
286006
1728
64782
79147
126003
9501
284439
343413
124512
284129
25994
390072
79813
2149
286075
4869
64219
55526
389197
92815
155061
5430
23401
284114
79692
388341
91351
79701
100287171
9625
168544
339500
55076
5912
57621
84282
79777
6448
2187
29072
399664
51649
64582
79008
53829
9966
286128
285973
284459
5324
286451
26137
205428
90355
57463
169693
6478
22820
285195
84967
768211
64864
55343
201633
10193
200205
79673
94039
134553
84890
51287
5571
64785
119774
91050
64963
6635
219790
51363
3418
91304
7485
84629
161291
28955
55505
375061
11022
7562
9798
375748
64975
64764
286530
283989
7318
51021
348378
5890
51329
2131
6472
81532
10159
124637
202134
25825
7325
23336
8905
65265
285429
147650
342945
26233
143879
54059
2055
55344
785
122553
161779
55666
128553
147968
23265
3838
653440
654816
402415
79598
2242
51218
90736
439921
3985
84975
55256
201965
201305
6304
1436
389084
22906
23236
348235
100506380
7267
283870
492311
100272147
302
9628
3214
340146
164091
389692
51335
6218
338442
79098
440104
1397
55794
64746
29035
91695
79087
3932
80781
8241
222487
6165
170960
28970
80254
6734
2130
10473
221178
25904
9112
389114
23705
162967
5831
84316
124976
199675
161
6546
18
1468
57118
729540
145748
164684
125061
2621
4703
57596
389337
64478
11251
285753
2842
5877
338773
2188
91689
10856
390637
150221
754
51428
5343
9802
9403
27439
9831
202243
54880
8690
163351
158358
2275
126075
54101
9284
10946
391712
389537
339039
728340
140460
11219
29933
4600
57634
375133
54855
493753
51118
8624
253143
8302
84193
388121
84133
128989
653604
595101
119559
116541
220929
56941
1232
8214
348327
4707
64410
407738
55039
728411
10189
359845
80258
9241
7378
84851
10186
146223
23585
430
29110
23466
346389
10607
83999
10293
11200
150209
148641
157983
51807
389677
1233
286826
114781
256281
339416
29944
54097
128239
10766
7404
130502
4068
93164
5613
387893
131096
6525
28958
256435
8073
71
23258
56616
26276
55803
29796
54954
340206
8663
7122
8508
220074
126382
79174
152579
140739
5504
64061
643707
283871
79640
11066
3654
84319
116448
5101
641371
220323
8338
56660
317772
5463
80213
10078
4070
160365
401145
254887
3009
1435
8398
84441
26039
116447
9276
80764
9735
2826
253769
10587
4303
11156
348013
5627
374659
162239
9021
57121
11260
340061
5142
8303
4753
124751
9968
81931
10801
349334
157313
139285
9923
8349
5413
56478
55328
55911
642273
25923
55967
6991
7327
23762
79135
54732
25880
93517
155435
9823
90135
8971
375287
6612
83943
752
728118
391356
146198
79050
11274
4700
80757
113277
10572
140707
8694
26985
2157
377677
22888
23764
2972
10509
10519
7469
57419
133491
80789
51065
149175
338440
11124
131583
56160
3297
387263
5813
8340
162387
114659
317781
283820
59307
340371
400668
10581
7127
353274
267002
9230
10196
2811
55015
7625
285600
283991
54033
84614
3563
339230
729857
54622
8558
8651
6948
10634
23545
5071
283643
9146
126282
5892
5600
93349
51263
123283
64754
25840
163702
400451
374920
374395
285513
55010
246329
255812
80233
3665
26013
79184
5592
727910
6667
64976
389119
10336
89782
5034
5719
5087
338785
677
7332
54014
333929
79842
347918
4603
100507526
730094
4733
51479
253943
79943
105
3434
159013
56479
10933
348793
1762
79581
51227
10320
5833
10134
51326
54584
127602
2124
440345
374899
79896
140691
527
8519
3916
2865
338398
84197
283897
200942
257240
54093
5727
55599
10308
8660
23299
55217
22821
84859
51079
84924
57711
342909
220107
319101
100129196
64853
84529
146722
54103
120227
100130733
157567
23396
10773
130355
10623
51741
152302
338657
283149
51082
146909
84937
89958
128178
66002
64757
55330
388567
114792
151174
57496
151888
7565
150763
64222
5501
148254
4675
340591
153768
23621
6256
353322
200035
7626
3858
101059918
342510
728621
55922
342035
2204
3840
115560
10168
4674
6228
54331
11118
3638
252884
84065
257106
151011
4051
114826
23131
4771
221491
7328
84981
84842
11104
116985
347240
5138
90668
5553
55615
80829
284018
144233
90624
613
139886
474343
8372
84307
100101467
53373
11006
7293
10614
129293
23275
54821
8784
23390
55893
5465
256949
129080
6007
83715
138428
353345
51259
91582
5333
957
4286
4673
353514
152100
6585
1645
55182
57698
339327
23270
4501
2650
91404
23048
79659
81557
4059
222194
349136
2057
51616
11261
2359
3010
1282
5757
51182
51547
9742
340665
7100
7874
28986
200424
57335
9636
54932
387032
400966
317749
400673
145173
51393
84281
94107
6917
79840
2175
79048
10507
8632
10445
57697
7621
64170
375033
65243
347454
339559
388335
3006
57048
1978
550631
164118
116224
388512
414332
100288637
441194
50626
339451
222696
126432
100141515
285386
284677
29978
353116
57474
10123
285852
65998
51463
346007
6300
375790
4810
643853
199777
253012
376940
389541
5575
729262
374383
123879
390927
10383
119016
25845
170622
285180
163087
57801
79862
374872
401541
5359
375341
84527
388228
2963
137392
54914
7784
5133
2844
6402
1121
63915
375298
389792
3014
387755
284325
348645
644815
10772
3040
285193
388115
4077
57186
27158
144535
100874381
1201
653820
56624
6613
7730
84247
1806
375743
387707
283726
6006
29780
57835
7390
51114
113763
643155
340277
144404
401024
23029
10811
440603
147694
4520
199953
387921
79844
441168
1269
100130581
84464
9045
389206
147837
85302
339287
400499
120892
79979
401494
162632
158293
26155
345222
25920
23036
135458
283219
134637
163081
4697
121642
51136
374393
3005
9516
284415
83862
196528
23450
388552
340120
222698
388165
126231
400581
51155
84503
6284
7581
162966
284697
4128
654433
145853
389643
7259
55629
2272
80317
27341
132660
9679
23254
728661
165186
100131211
9729
23708
84933
3146
8510
388182
139735
9437
282991
10388
440519
3556
5079
374879
23424
90835
653319
3123
8644
26010
58500
151525
7633
6275
25894
79633
124602
148213
36
83931
9725
1510
64218
54737
441191
284759
90321
6261
9901
63939
203068
84458
6829
63929
51427
5478
57573
162962
284443
84163
8464
60491
3376
84278
9883
29068
55340
54413
55888
1604
147929
84628
11091
9361
8295
647135
2526
79754
80778
163115
7699
5770
51466
2050
5657
91661
7678
2547
284739
9858
9819
148266
100131755
79693
27153
30849
285971
100289635
6399
140465
90576
6477
79711
9612
6817
55660
54834
85012
51434
27010
6536
60312
4666
399687
165679
54785
4122
4311
729533
8912
55959
3908
23654
55966
7516
4646
57591
3066
158431
162993
4312
6925
57001
55684
7695
23660
91392
51399
150737
9895
51284
100287569
643836
112479
54543
84941
7442
7582
283970
57473
51321
170959
4763
154807
147686
1612
3117
2760
8329
388796
90592
961
390036
7088
55534
8969
29966
8187
80345
89853
64771
100
10865
160760
374354
3013
140612
343990
445571
6334
3914
128312
3841
57730
23365
286101
9260
2316
10447
161424
57181
837
160
199704
170384
307
8270
54554
100507607
11152
51108
7697
353088
388566
29950
163227
541578
57541
221785
309
126068
2764
284266
147923
284390
79830
401124
8364
7741
4097
92714
85379
3482
1778
5094
84619
123096
80055
6714
91120
400720
113835
399909
51703
23507
11194
8356
27044
146540
6799
5718
400931
140688
6583
9583
10438
23061
8363
5265
25959
2961
246778
25788
8831
128486
641
100129940
124411
84301
6840
51592
26020
57162
79027
219927
91373
136051
340385
171392
6584
104
344787
3064
728
8351
79674
23729
3652
4217
373156
3182
50861
5154
2996
6693
89887
79788
84154
64078
400823
142678
4644
3004
10533
26037
92104
23145
1991
57799
23556
57547
10210
83875
955
84188
65250
284371
284370
91966
56882
219972
5055
1803
80380
163059
196385
6709
4828
57565
92689
6120
10794
1379
5253
6231
5660
6281
6168
114112
1675
79892
197342
122773
347344
6884
284323
55210
79607
92283
100499483
23315
100506658
121504
339318
55924
51710
8733
54557
388536
81553
4641
28512
7367
23303
128
85236
6687
342926
30001
55552
84671
5336
89848
58491
6277
6136
26052
7675
9019
23230
4155
8227
440295
127687
85028
283420
3792
55035
51135
28977
57089
2210
63925
6191
10793
7637
84549
63934
140885
2870
5557
54708
613037
7541
23607
9814
65251
57209
54863
1902
26275
27300
161145
65124
54989
642280
728741
57708
10905
258010
90987
65992
7027
170482
84775
55713
51170
23334
7789
83694
777
54870
1438
11325
6147
55315
6815
59286
9931
89894
54963
84433
220992
55153
7745
144717
219844
4635
79973
126017
415116
439
444
200734
11060
2673
7405
7574
50618
10724
4494
9747
7620
7296
147949
374900
158586
147657
84914
7169
642946
83699
388558
148741
51441
10230
55319
3127
51062
7975
339541
7594
11321
7576
118472
199692
283518
11169
285989
1500
7919
117157
131870
9874
987
339883
4326
11177
10920
26112
4194
55958
23054
27347
221477
801
338811
9652
9060
10479
22909
9086
55705
80184
4513
112770
23116
28514
10455
10497
4519
8861
9646
2153
51734
22834
57154
6526
63906
9578
5365
64064
4736
23127
4536
92241
26049
91603
116443
4540
29883
25829
2475
25925
9860
4512
4860
2710
22887
113402
919
283489
22876
9824
56670
3151
140606
51465
57165
4976
9909
11179
4537
112970
51714
9760
1066
916
9853
11153
58505
91300
116461
26046
146923
100129792
2869
55253
25853
57713
150771
4538
23137
4535
55170
149345
85457
830
4508
7150
9055
80823
4215
6721
339448
221002
51490
6170
9666
9851
9937
79065
9722
353
9737
9755
57692
154467
4514
84456
9848
4668
23381
26128
7052
54470
9867
259230
26829
692053
26831
26818
619565
26768
26832
6043
677840
727676
319103
677846
26835
677820
94161
26821
619562
6084
109616971
85388
677839
26819
677796
100873853
106478984
677808
106479130
125050
85389
6085
100873832
26834
170958
64423
2812
84288
116228
1122
128387
1378
554279
9293
101928673
2214
387103
399818
8528
126961
8337
440689
333932
84852
206412
387066
100505933
2664
55251
54923
84455
85026
284751
439996
643418
90196
3633
29935
9935
26146
53344
26058
55680
340527
2681
65979
653308
414189
100652748
84243
170371
158830
642517
399761
55219
26095
57683
1616
659
6920
10471
6015
7923
6257
339229
100128239
3111
6046
3108
100507463
1290
5696
6891
169981
550643
3122
4855
5089
177
6048
10554
63943
64978
643008
8859
1797
6499
7936
6392
10919
4758
50854
3304
3303
3305
57819
7407
114769
55777
4439
80739
259215
7920
1460
7918
57827
55937
7917
7916
199
259197
7940
4795
730051
4277
90233
100507436
390980
3107
54535
8449
221545
28973
5514
23
80742
11025
780
2794
3133
56658
90333
90317
10107
135644
6992
80862
10399
11138
3134
346171
147081
84335
2550
387778
5987
64901
653427
102724238
83538
116540
642475
6311
1639
79600
29902
3104
51471
440145
7711
790955
554251
401431
57126
100289678
155054
728568
10206
93035
100506736
84912
645121
390110
286144
644096
55851
149837
65986
201725
55366
5699
1874
5150
100113407
6643
100316904
56953
84324
9289
10527
54458
25851
54809
255919
92270
317762
100133091
4676
7114
254863
1375
3150
728689
51451
388931
150383
91750
54065
8110
1564
144363
100130311
6453
162073
107984285
79958
353512
9946
441212
285636
645432
503693
403313
3822
3823
400941
93978
283314
100131017
653650
10215
10921
131118
1667
220164
90861
728047
645426
440248
3039
3042
57194
10866
253018
201475
3105
201562
55779
348801
131405
23243
8292
131965
440944
26864
26866
26865
692158
100302743
677807
26871
26863
574042
654319
26870
677833
619499
677797
26778
26780
677802
101954267
109616999
677819
654320
109616965
6060
677806
26784
114599
619563
101954266
26869
692225
677829
652965
280636
114814
23012
22908
7247
55652
3514
28908
28907
28906
28874
28784
28774
28778
28772
28820
28822
28775
28781
28823
28776
28825
28783
28826
28791
28793
28813
28796
28797
28814
28815
28816
28803
28804
3537
3538
3539
28834
6966
6983
6982
6978
6977
6976
28606
28617
28595
28586
28602
28601
28609
28614
28616
28568
28567
28563
28639
28560
28559
28638
28691
28690
28689
6956
28685
28676
28674
28684
28671
28673
28682
28670
28669
28677
28672
28680
28666
28664
28663
28662
28661
28660
28518
28658
28657
28655
28653
28643
28640
28517
3494
3497
3503
3501
3493
3500
3502
3495
3507
28385
28474
28473
28457
28452
28450
28449
28448
28468
28445
28444
28442
28467
28455
28434
28395
28394
28465
28424
28423
28388
28420
28464
28391
28412
28461
102723168
28409
259294
266657
259296
50840
50838
692108
692086
692205
677841
677832
677800
677810
7310
338799
339263
4539
54627
339803
5462
51157
81856
23636
163486
400798
375035
11116
80350
22828
25790
2532
100420110
9534
255758
1427
1396
100271538
151230
196792
286827
10962
170575
445328
728489
6827
4893
51239
81890
1147
83463
2946
388387
84342
646476
84986
55559
3931
5790
79037
221914
390354
6494
2086
55333
402
286467
494115
10011
375346
644236
23234
220717
414919
7416
221504
51075
100526830
100271271
3073
4722
54741
81606
113179
5500
445329
63940
27040
51517
1388
11277
729799
1903
54978
1192
23564
6235
102724826
65996
7693
2968
51202
91664
399669
22914
147040
728486
147699
151295
1241
56413
1773
145553
1454
10379
2592
3672
100130691
390916
730087
30851
8906
7643
55739
2595
26140
29803
6150
101060200
79086
7106
129099
8904
339231
57128
26292
220729
768206
10195
201283
338069
79729
401397
253724
255809
339210
51024
283
619207
100505854
255374
283922
387104
54492
79441
644246
92482
57412
440503
51400
10809
100131539
728130
400954
414254
100288842
23053
414152
7866
105371730
9189
100188893
221092
751071
641977
84820
643680
4515
731275
401247
283551
285830
125150
64283
100130742
729920
107985075
79680
11331
100130357
388344
80060
678655
84461
100506713
153684
137886
644019
441666
652276
55670
285696
399715
60493
440270
55449
57594
1654
64601
100128890
4636
407975
55628
114044
79716
284837
100526842
400123
388795
193629
391267
286554
118126072
6248
729515
56900
109286553
728833
8718
9906
100131465
100129094
643136
100131187
606495
84809
100287898
10437
730101
286444
100506302
79741
96459
394255
100419073
51192
51025
100291105
389435
29092
100129844
100505876
100129278
440400
100420214
55672
729852
648791
375190
101928464
100421511
729277
728010
645191
100125288
6844
100132803
337874
442167
729402
692213
677847
677815
100151684
101929145
441150
5534
2189
9179
259287
91584
1052
63920
221786
5520
400713
10626
200765
389668
283416
3809
80830
3995
81669
7311
9374
116349
57232
9220
149478
222234
112597
106480837
109616976
28773
105374219
653199
728190
118460
6293
284391
28414
155400
642852
401577
100287902
100133036
441307
3115
100505783
447
172
101927027
84771
347097
28875
80772
107075264
100271063
729723
100874055
100303728
151507
101929331
28392
721
100506115
100506637
100422523
342371
221710
100507404
107985246
642659
102724316
643358
28408
100505696
100874268
100418974
148413
284184
220433
439994
8552
5512
102723566
101928513
26777
388152
9842
100271884
100130446
100506159
100418919
100507540
554203
101060691
400759
28870
729083
84627
155370
348262
65010
28410
100505641
440823
401264
100506804
100128071
2074
284618
102724231
51406
100128553
101928527
101927621
100271294
644131
107984921
645441
389634
348751
440465
100129215
100288778
84222
651302
100271594
100506714
100506392
79134
729079
100151645
101929574
28620
728558
104355426
440078
442429
440498
253039
259292
9834
101927070
100130887
101927084
57291
100271243
100505746
56967
9277
100131827
283089
6967
284801
653635
100144748
100271039
8505
100505538
57212
100996579
387628
113178
285758
4050
401289
440584
100132415
389740
100506343
121456
283955
246721
107075311
344697
386597
493812
5005
55009
54055
91316
284757
107985688
157489
728481
100128731
728537
109729180
389333
51716
1719
285962
400946
643837
102724330
100873890
553121
100289373
101927021
101927482
6171
100507347
285965
493754
399706
391256
246119
5004
90133
399804
26134
197135
401093
647276
646309
57615
100270940
7503
146542
100131801
120766141
400604
100874291
645784
101928626
100419075
106481796
100271033
28611
84320
100873258
58160
286016
284593
642402
114796
100506012
439931
100874264
100418910
100302692
388550
26226
100874372
3138
404281
101927354
401588
3281
100128899
100421581
414777
100506801
84657
100874028
140761
101929147
3113
28398
6222
286333
100873962
100132057
729234
8847
646870
378805
647121
643749
101928243
6892
100420200
400761
641518
100129573
101929302
51372
28985
391475
101928578
28426
643529
100422581
81243
388789
389813
100505771
100270827
100887068
100289473
103344928
100421865
100420423
3120
643699
100506930
400221
101929947
7124
100303755
389791
201229
28558
285958
285154
553103
84973
100996318
100128420
101929023
102606465
100996842
2876
6974
220594
100506915
100093631
158801
339799
100506311
729178
101927599
100418781
727856
728431
730227
101927289
8341
100506119
389342
6234
101928649
440567
101928834
101928403
107986032
100874043
7726
100506054
730268
345462
54145
101928000
100270896
100271215
158572
100129482
100419824
100129484
728927
100505881
730190
101927015
257415
643180
51275
8629
100507495
729978
729211
60674
3106
145767
647099
100534595
114614
654434
266655
64288
100270872
387882
388588
51236
90673
128854
101928153
728039
92249
100129250
643733
101928846
107984969
100132891
100507612
107984875
150372
100421577
284749
100422338
100507557
100272228
400242
9674
101928389
8705
107075214
645676
284900
84968
150291
101929567
100271277
100874058
9278
100506469
100653489
154790
58486
441046
107984360
342618
644591
112935969
728262
150197
728658
131185
100631242
54753
100306951
728300
100506881
100507398
339789
100506963
729480
100506428
254128
81571
341333
101927547
220930
100132273
100421371
84752
91368
100499405
28557
390034
641298
100506866
100507034
84793
100129842
5863
105372751
387723
105378580
100130476
254948
3833
339804
345611
28619
107075153
285550
100421569
101929559
100128863
100288690
100874158
102723927
439949
100506334
107075141
11191
101928399
101927851
100996442
100130630
100303491
474170
55592
103352539
100188949
105376805
100506215
90120
392752
343171
389860
692223
677767
677777
652966
677828
692148
692084
100124534
100128164
81567
652968
644388
7844
10432
84964
106481127
352954
285051
100507062
4830
8742
284040
60489
54106
23559
51373
28904
283507
1668
28943
51608
28931
158
28912
23547
100289561
28896
11027
100505687
280
100271258
58496
5698
147947
90639
728358
100126793
84129
100130562
53938
283345
28937
3812
2310
23495
100271448
54596
358
646737
28942
57461
100271175
106481000
387521
57665
100507642
28938
730091
100130550
257068
650808
4282
653160
147804
221078
3112
100874431
57002
100271488
285286
28901
27297
101927056
28923
101927111
6173
28914
57026
79897
9936
9551
23779
107986115
387036
10093
100133054
28581
10552
28941
101927974
100131434
539
80301
541565
23761
106481064
5822
5297
25764
326310
28933
727956
23600
106480955
51537
8420
100270834
730102
26286
128977
23089
113939925
101735302
28930
3692
55052
348110
81430
28883
5273
3109
100421819
26063
2790
1270
340526
28900
79986
9907
163051
106479309
8637
150000
9553
57553
100128888
692312
28919
11037
28882
11230
28940
647087
154881
1945
106480959
100887750
353376
401115
28299
100421437
106480967
3588
106481148
642819
116143
4831
344595
100137049
10637
100132247
7268
100421829
100506144
3139
100422603
100137047
100270852
140564
100131176
64968
84450
95
9054
692099
1650
401232
147007
100128140
552891
28921
5032
85014
402778
729215
55861
28913
10137
79168
27350
155060
100271110
28935
152206
151516
7335
100142659
100132742
720
3043
10443
729678
105375650
144571
101927612
100130231
101930370
386627
100507283
283131
101928784
101929295
728769
101927204
92285
1050
100505648
400512
641638
644873
100996286
645513
152195
101929241
100287015
100507053
100505676
100289388
388011
283104
100507632
339988
389641
100652846
55766
85001
390595
144481
192111
100506282
102546294
440288
729013
85364
100289274
100506314
729082
100131067
11344
441009
92935
100507266
158880
100233209
257396
100505894
283663
100506668
285512
550112
593
3640
100507602
101929423
100505994
984
441864
553158
285505
101927233
56120
651644
643784
134187
25864
100131089
100526772
171220
100526737
285407
100526664
285412
283152
102467147
100422687
100507639
441369
407977
342184
100526740
100507291
100418744
148898
23354
643036
100506229
100419185
4671
729288
388569
285638
100129917
102723526
100506564
163050
677770
101929215
105374104
646723
5820
10016
653125
6981
25907
100526783
728488
100526693
107986412
353511
10744
283140
57604
255403
389203
105377623
100506035
2994
400916
152756
1018
27239
100418737
101927780
90423
100420307
2738
339874
110599563
105377267
6414
100419170
728723
121952
100505616
105370401
100128961
100499177
100422445
101929709
100128494
100873201
728506
641339
100302736
25850
100507195
101928865
100526694
100506258
162972
646890
100507487
100421429
132241
28893
378938
79963
100421311
348926
677772
677775
107057644
677768
109617002
677763
677774
109616966
653188
105375924
100127983
112441434
168455
56100
55000
100874052
100750225
100419979
107075116
100422441
440138
100507316
552889
5591
56109
100506365
9708
9724
56106
56105
154761
56103
392214
8641
137075
101926892
106479038
101927752
28920
339324
3499
4067
54984
56099
101929719
386593
100049587
111082977
100133315
91056
105376114
29082
90024
728975
100422558
348156
8790
100423062
1937
100289518
100529251
100287896
387751
84769
493900
100532737
100499484
100505622
729991
619383
10072
100534593
404734
55845
57653
57132
120883616
493861
100532732
255512
109703458
109731405
735301
440068
283194
171391
23741
259289
8843
55096
101928069
100528064
81488
286103
91893
103091865
254559
401258
23642
100885789
105369723
497189
259295
105369438
338413
1519
84334
10597
84996
9668
259293
7556
90649
85027
3145
338412
7768
259290
11232
100422382
100129361
28692
100996246
374443
100009676
387837
100288695
59348
101928290
56242
388327
84290
96626
338414
3240
57189
26065
283948
100128191
100506606
283459
256021
10778
101926933
100381270
8972
120766144
2342
105369748
100127967
100420981
90589
8693
101055625
379025
100506844
255783
10330
93432
101928062
1523
100134934
100533970
105369760
105369779
643246
23601
91612
100506603
124944
51750
147660
64146
283624
101927153
246777
100506071
101730217
445372
654386
53840
196872
102724814
112268124
6038
102724190
4157
283587
90799
400236
100288846
10381
100533496
100526835
100526836
283547
100528030
100532726
353163
317760
3690
100130855
109729181
101928694
100533106
100505573
100528021
107075254
79178
26589
101927751
107075160
107075182
107075131
100506686
7190
105370683
100132824
107984813
112267983
29890
647979
101928728
643802
101928736
101927402
89838
100134229
100527963
100507303
100526831
101928603
4360
80072
106480804
100506581
4500
102723166
197187
84210
81893
100505915
106660606
102724430
150967
115804232
283932
100128905
100287559
9236
103344931
644242
101752400
101927957
6818
115830329
105370941
83481
100507290
23246
105371374
105274304
100652740
728178
101927288
5175
100529145
105370888
100128822
100506060
8139
337873
105378828
653061
107282092
728498
100534599
100287616
148189
730183
100130950
283887
56102
79585
554206
10418
124641
6182
101927060
92002
245
2969
10780
644397
100820829
202020
116435298
106481051
653598
10929
554282
9641
109286551
6030
339290
100287042
100505576
100422656
200030
440712
100151683
728113
104968399
400657
388677
140735
114515521
103504731
107048981
56957
503645
102724532
100506779
653145
9939
100287932
441263
27246
100132417
110091775
101929693
6139
100421100
106479459
9554
100861412
10628
23380
101927275
57597
83593
100419893
92335
284276
136259
284565
105371967
645158
8031
54460
84815
80022
108783654
80755
105378721
100505549
342892
100505715
100885848
339201
100418865
147727
339192
100507373
400684
108903150
284408
100130522
114108587
105371795
100422497
80054
677769
400617
100134938
100422317
440446
386758
26974
9294
101927151
112812
7767
105372233
100287177
400685
55957
4701
100131691
100505812
100506033
149013
105372321
29057
644656
100418832
54553
105372482
100312828
400680
326342
112268269
503538
200298
100129195
79917
8517
100293516
732229
100507567
6689
100507551
84548
100505761
400818
401612
10984
112398
100533184
100093630
100129534
100532731
6023
112903833
100996928
100529215
100133265
101927837
100303453
101927931
152217
100533467
152048
728841
554313
105371242
100288198
100526820
100420898
28439
105369154
25832
9383
8148
100529239
319140
8370
339929
441294
100527978
101930085
100507032
140809
340307
101928120
101060226
100132406
79148
100533711
6352
115308161
128077
284021
338758
729096
101929623
105378083
284615
404672
101929780
723790
101929243
11165
9757
100101267
100133941
100631383
642361
152687
8447
105373098
116435299
101752399
102723582
55802
107985209
80039
100129550
150590
101060684
8926
440686
25786
202781
8362
677825
54883
677844
102723553
9326
8342
116435302
23191
8339
389856
6880
79159
8355
378706
388685
100131997
100532735
256302
30837
6080
102724560
8344
102724219
26149
101060389
440434
729873
81554
115891964
28454
139189
440804
728233
8361
8348
8353
28577
414059
100532724
112577464
106481086
85235
140883
4302
57223
11276
79873
7549
8368
677781
100132678
94059
8330
6351
100419515
157285
8354
8857
102724159
102724701
26574
100500862
8345
8350
28583
85376
57636
114791
105374989
246210
102724594
102724428
677809
11072
267010
29128
84876
9560
102724951
6349
6029
8294
146850
6871
100506571
102723475
8396
8331
3018
100506622
56101
400322
28569
28902
1602
28401
28572
8332
28576
8367
2970
102724843
3012
57234
441250
474384
8360
284098
677798
9304
8263
85495
8343
150384
101929698
100288527
4082
101927559
106479396
93474
342372
4747
6348
28755
8968
5691
677842
7012
284106
26781
102723360
28589
11056
7554
641467
389741
6753
28817
677766
80179
677838
414060
79893
7772
8335
79154
31
728229
8346
102288414
79922
8359
8336
8366
378707
8357
84311
100133319
100859930
27099
8123
102723897
399900
100132249
105377031
100129726
401105
651430
102724023
285097
101929823
100113386
102723169
677824
692073
100507117
440952
79447
283267
283876
116828
100506776
283521
101241892
100507178
100129716
102060282
103021294
100506516
100506710
100507173
352990
100527949
28458
100862671
57289
359809
375690
140
102723170
100289097
105221694
28596
101867536
729998
101926918
28604
57061
645166
100507747
100652840
106660613
100289279
100420413
105377068
729732
